0000000000000000000000000000000000 
0000000000000000000000000000000000 
0000000000000000000000000000000000 
0000000000000000000000000000000000 
0000000000000000000000000000000000 
0000000000000000000000000000000000 
0000000000000000000000000000000000 
0000000000000000000000000000000000 
0000001100000000001100000011000000 
0000001100000000001100000011000000 
0000000000000000000000000000000000 
0000000000000000000000000000000000 
0000000000000000000000000000000000 
0000000000000000000000000000000000 
0000000000000000000000000000000000 
0000000000000000000000000000000000 
0000000000000000000000000000000000 
0000000000000000000000000000000000 